   1.21438401966823      -8.807823401507700E-002 -2.336469532960611E-024
 -1.085674553975849E-024 -1.075319093871416E-024 -2.971769103562572E-025
  1.240770918829542E-024  5.548960481321189E-025  5.556311556531031E-017
 -2.255140518769849E-017  6.617351986981989E-017 -1.089231838962813E-016
 -1.617378739524556E-016 -2.912793636581446E-017  6.071532165918825E-018
 -2.131635372687297E-017  1.690022453112924E-017  4.060960307850467E-017
  1.927265763839953E-003  8.909128027555708E-026  3.877409121342317E-026
  8.955811684570638E-026 -8.883207159495767E-028 -3.069615554396001E-026
 -1.125295138236568E-026 -3.339301253993986E-018  8.673617379884035E-019
 -3.594374011277974E-018  4.163281092662512E-018  7.112963638072958E-018
  1.032171679075760E-018 -2.303929616531697E-019  7.786319440172201E-019
 -6.940850385788829E-019 -1.427265506310830E-018   1.22622631974985     
 -2.741278549150273E-015  5.593828558547135E-016 -5.839097424602974E-002
  6.574929373336762E-017 -1.386658265240019E-017 -3.060041720476223E-024
  1.433879551338931E-024 -1.636445398066012E-024  3.394016429503917E-024
  1.663383962830158E-024  2.879914355626124E-024  1.924863024871030E-025
  3.158713598484861E-024 -5.593308061938292E-024 -2.336784428737095E-024
   1.22622631974985      -1.383822834015938E-015  6.574929373336762E-017
 -5.839097424602975E-002  3.330097757819138E-017 -3.306311823644111E-024
  6.720842476993350E-025 -4.289433812646695E-024  5.799974816185002E-024
  3.382090034523387E-024  1.206451668553879E-024 -1.292469707114106E-026
  1.459198969254703E-024 -1.836938539661998E-024 -5.240982904939883E-025
   1.22622631974985      -1.375821840733308E-017  3.286729333527966E-017
 -5.839097424602973E-002 -6.969032274262919E-024  5.916581439770052E-025
 -7.572061462081016E-024  9.718499050248475E-024  5.831134913740590E-024
  3.729566310042021E-025  5.880699282838738E-026  6.692724925897211E-025
 -1.955641359714745E-026 -5.537751349218299E-025  7.350488722648765E-004
 -1.651708640107326E-018  3.479794742289465E-019  4.584130523468345E-024
 -7.329602839917839E-025  2.990681536936678E-024 -5.701320663053022E-024
 -3.152143662772438E-024 -7.312560734723339E-025  2.149195385632626E-026
 -6.563739573882426E-025  1.140020778744123E-024  5.839262985459605E-025
  7.350488722648765E-004 -8.261306647765899E-019  2.895069308408558E-024
 -7.641727143312150E-025  4.502804424558389E-024 -4.075504029063761E-024
 -2.997476044521617E-024 -2.232800335863250E-025  7.754818242684634E-026
 -2.648064940046053E-025  3.542522611346755E-025  2.334507187881410E-025
  7.350488722648763E-004  7.957647515124370E-025  6.638762027171450E-025
  1.802254262939541E-024 -1.466663665664972E-024 -2.110440722290469E-024
 -3.154147624529449E-026  1.004733428074788E-025 -1.519258993797732E-027
  5.842708097790785E-026 -1.266846114161956E-025   1.93142907738468     
 -8.488365384316082E-015 -1.781385719494042E-015 -2.526259761834880E-015
  1.259876622460249E-014 -3.859373271191748E-002  1.136025659169764E-016
  3.521345529662637E-017  6.684902411360528E-017 -2.780270791613027E-016
   1.89657341312546      -7.901972961067870E-015  1.149411178566759E-014
  7.746251384436825E-015  1.144699276549648E-016 -6.729460988396424E-002
  9.130200494841446E-017 -1.386403621815568E-016 -1.076993079920457E-016
   1.89657341312545       1.003345159862193E-014  1.749253788576192E-014
  3.471786057598579E-017  9.238542736706883E-017 -6.729460988396394E-002
 -1.419393570456795E-016 -3.474922464394101E-016   1.93142907738467     
 -2.503951241766509E-014  5.295420673906424E-017 -1.383422065841233E-016
 -1.399915736526564E-016 -3.859373271191724E-002  4.711494662290176E-016
   1.89657341312545      -2.777135326878953E-016 -1.085671671163595E-016
 -3.487932461775843E-016  4.720843998295474E-016 -6.729460988396377E-002
  1.108731096240349E-002 -5.457547763026620E-017 -1.543665251284043E-017
 -1.461997381427079E-017  9.192026330209909E-017  1.277789774588928E-002
 -4.935502270162750E-017  7.178926279725863E-017  4.986120966413905E-017
  1.277789774588922E-002  6.374780456511891E-017  1.200029597570472E-016
  1.108731096240345E-002 -1.685456462168521E-016  1.277789774588920E-002
